crossing time (s)	slope (V/s)	crossing number
5835.647070	10.817522	5554
5836.674233	10.686826	5555
5837.686686	11.481121	5556
5838.718707	10.940488	5557
5839.730565	10.452268	5558
5840.763470	11.386355	5559
5841.771680	10.601768	5560
5842.804332	10.838326	5561
5843.810540	10.807776	5562
5844.844851	10.688632	5563
5845.853262	10.511375	5564
5846.885452	10.719450	5565
5847.896442	10.701869	5566
5848.926379	10.960088	5567
5849.938973	10.761466	5568
5850.965875	10.560588	5569
5851.981133	10.429241	5570
5853.008119	10.619127	5571
5854.024258	10.491615	5572
5855.048554	10.766598	5573
5856.066075	10.749252	5574
5857.088797	10.544540	5575
5858.107006	10.380948	5576
5859.130633	10.537033	5577
5860.148835	10.307434	5578
5861.172971	10.354183	5579
5862.190106	10.463787	5580
5863.214665	10.741536	5581
5864.230353	10.719955	5582
5865.256944	10.450953	5583
5866.270260	10.603000	5584
5867.300024	10.361421	5585
5868.310905	10.544748	5586
5869.342264	10.736328	5587
5870.351679	10.576164	5588
5871.384493	10.554204	5589
5872.392054	10.681445	5590
5873.426846	10.341277	5591
5874.433576	10.438634	5592
5875.468575	10.539305	5593
5876.476103	10.195451	5594
5877.509861	10.257279	5595
5878.518354	10.275924	5596
5879.548381	10.541661	5597
5880.561239	10.456307	5598
5881.589977	10.408884	5599
5882.604351	10.201750	5600
5883.630095	10.312716	5601
5884.647941	10.328232	5602
5885.669969	10.556374	5603
5886.688983	10.493525	5604
5887.710059	10.331900	5605
5888.730983	10.241110	5606
5889.751798	10.234545	5607
5890.772320	10.247211	5608
5891.794346	10.348694	5609
5892.813430	10.300720	5610
5893.835418	10.406674	5611
5894.852843	10.552594	5612
5895.878721	10.093769	5613
5896.895131	9.941707	5614
5897.921589	10.223199	5615
5898.934497	10.271385	5616
5899.963645	10.522703	5617
5900.974996	10.566031	5618
5902.005824	10.119885	5619
5903.014058	10.397400	5620
5904.047758	9.828454	5621
5905.056132	10.008857	5622
5906.090921	10.747077	5623
5907.098517	9.789681	5624
5908.132079	10.215658	5625
5909.140126	10.158601	5626
5910.172380	10.075933	5627
5911.182050	9.977920	5628
5912.212644	9.873826	5629
5913.225176	9.842384	5630
5914.253732	9.972351	5631
5915.267633	9.952262	5632
5916.294192	10.147687	5633
5917.309713	10.040475	5634
5918.336483	10.130870	5635
5919.351254	10.128446	5636
5920.377231	10.040853	5637
5921.392088	9.977636	5638
5922.420273	9.969992	5639
5923.433860	9.803107	5640
5924.461962	10.059175	5641
5925.475217	10.134429	5642
5926.504413	10.041870	5643
5927.515336	9.945691	5644
5928.546214	9.868667	5645
5929.555471	9.853187	5646
5930.589646	9.764436	5647
5931.596172	9.803700	5648
5932.631358	9.998953	5649
5933.638794	9.573658	5650
5934.673068	9.974538	5651
5935.679149	9.819964	5652
5936.713772	10.103643	5653
5937.721683	10.036892	5654
5938.754625	9.781726	5655
5939.763202	9.902049	5656
5940.795078	9.703657	5657
5941.806650	9.742801	5658
5942.836356	9.666920	5659
5943.849941	9.660915	5660
5944.876704	10.092031	5661
5945.891987	9.983478	5662
5946.917222	9.921577	5663
5947.934079	9.880343	5664
5948.958025	9.755232	5665
5949.975509	9.649901	5666
5951.000058	9.624976	5667
5952.017128	9.826832	5668
5953.042493	9.952696	5669
5954.058436	9.936915	5670
5955.083058	9.890463	5671
5956.098034	9.768049	5672
5957.126615	9.538437	5673
5958.138557	9.648655	5674
5959.169921	9.836784	5675
5960.180090	9.519719	5676
5961.211969	9.756823	5677
5962.220427	9.668571	5678
5963.254056	9.652974	5679
5964.260930	9.909276	5680
5965.295657	9.555977	5681
5966.301465	9.502198	5682
5967.337735	9.598469	5683
5968.343896	9.439405	5684
5969.378269	9.638438	5685
5970.386306	9.798272	5686
5971.419671	9.471595	5687
5972.427953	9.524678	5688
5973.460106	9.342178	5689
5974.470755	9.338648	5690
5975.501143	9.715464	5691
5976.512814	9.519636	5692
5977.541538	9.529701	5693
5978.554240	9.709132	5694
5979.582715	9.542093	5695
5980.596140	9.513254	5696
5981.624280	9.310794	5697
5982.637831	9.425436	5698
5983.666316	9.653789	5699
5984.678822	9.626445	5700
5985.708112	9.625894	5701
5986.719452	9.433084	5702
5987.751077	9.371237	5703
5988.760432	9.234097	5704
5989.793209	9.524520	5705
5990.801343	9.557458	5706
5991.834978	9.527924	5707
5992.842576	9.535115	5708
5993.877241	9.372684	5709
5994.883775	9.210409	5710
5995.918929	9.566550	5711
5996.926007	9.344848	5712
5997.960226	9.622102	5713
5998.966865	9.495324	5714
6000.000941	9.341461	5715
6001.009124	9.123172	5716
6002.041823	9.470967	5717
6003.051766	9.361097	5718
6004.081598	9.608363	5719
6005.093884	9.423035	5720
6006.122629	9.308227	5721
6007.136265	9.214947	5722
6008.163464	9.240374	5723
6009.178557	9.171066	5724
6010.205251	9.464306	5725
6011.219855	9.443724	5726
6012.245707	9.511573	5727
6013.261001	9.451237	5728
6014.287702	9.029727	5729
6015.301717	9.061349	5730
6016.329795	9.243850	5731
6017.342912	9.235189	5732
6018.372023	9.441316	5733
6019.383156	9.224259	5734
6020.414573	9.369378	5735
6021.423944	9.223727	5736
6022.457917	9.314325	5737
6023.464318	9.102628	5738
6024.500267	9.318719	5739
6025.505648	9.110860	5740
6026.541176	9.467658	5741
6027.547066	9.440303	5742
6028.581748	9.095187	5743
6029.589162	9.466838	5744
6030.623950	8.902835	5745
6031.630514	8.991713	5746
6032.664639	9.215024	5747
6033.673150	8.996821	5748
6034.706103	9.343331	5749
6035.714537	9.252123	5750
6036.746496	9.361052	5751
6037.757197	9.237833	5752
6038.788062	9.075022	5753
6039.798171	9.036268	5754
6040.829450	9.077666	5755
6041.840221	8.813687	5756
6042.871941	8.999003	5757
6043.881420	8.884348	5758
6044.913749	9.322507	5759
6045.922855	9.044137	5760
6046.954622	9.067649	5761
6047.963564	9.088525	5762
6048.997488	8.809786	5763
6050.004161	8.669195	5764
6051.039729	9.015742	5765
6052.045856	8.840866	5766
6053.081128	9.075773	5767
6054.086859	9.058740	5768
6055.122770	8.851588	5769
6056.127695	8.851761	5770
6057.164877	9.156247	5771
6058.170807	8.966917	5772
6059.205222	9.220460	5773
6060.212718	9.034478	5774
6061.245908	8.834187	5775
6062.254761	8.687101	5776
6063.286599	8.725427	5777
6064.297170	8.812645	5778
6065.328751	8.896603	5779
6066.339709	8.766252	5780
6067.368375	8.687199	5781
6068.382414	9.410590	5782
6069.410713	9.265495	5783
6070.423097	8.420587	5784
6071.450318	8.865899	5785
6072.464185	8.644424	5786
6073.492417	8.169148	5787
6074.504703	8.938235	5788
6075.534300	9.213541	5789
6076.547452	9.182244	5790
6077.577402	8.819331	5791
6078.587830	8.673492	5792
6079.619884	8.928207	5793
6080.627105	8.541879	5794
6081.661243	8.605674	5795
6082.668716	8.648260	5796
6083.703323	8.914154	5797
6084.709855	8.829157	5798
6085.744455	8.924684	5799
6086.750749	8.865996	5800
6087.786000	8.739091	5801
6088.791207	8.837624	5802
6089.828596	8.613103	5803
6090.834047	8.624135	5804
6091.869278	8.769744	5805
6092.875636	8.478812	5806
6093.910492	8.855160	5807
6094.917819	8.819991	5808
6095.951211	8.770573	5809
6096.959052	8.623786	5810
6097.992101	8.645472	5811
6099.000856	8.265054	5812
6100.034543	8.712791	5813
6101.042749	8.461188	5814
6102.075209	8.880921	5815
6103.084159	8.628586	5816
6104.116870	8.444576	5817
6105.124967	8.512138	5818
6106.158663	8.404944	5819
6107.166085	8.433968	5820
6108.201282	8.614896	5821
6109.207097	8.340195	5822
6110.243119	8.647941	5823
6111.248209	8.765316	5824
6112.284557	8.438380	5825
6113.289930	8.369915	5826
6114.326738	8.388133	5827
6115.332058	8.260701	5828
6116.368810	8.289273	5829
6117.373794	8.335157	5830
6118.409203	8.803459	5831
6119.417052	8.647522	5832
6120.450089	8.579854	5833
6121.458309	8.341617	5834
6122.491092	8.359034	5835
6123.501561	8.353841	5836
6124.532511	8.462112	5837
6125.543703	8.237577	5838
6126.573350	8.557824	5839
6127.585565	8.410303	5840
6128.614050	8.640240	5841
6129.627024	8.420632	5842
6130.655560	8.243377	5843
6131.667619	8.480066	5844
6132.697847	8.306732	5845
6133.709091	8.191943	5846
6134.739870	8.099245	5847
6135.750039	8.037560	5848
6136.782610	8.422712	5849
6137.791351	8.254137	5850
6138.823982	8.430276	5851
6139.831958	8.385011	5852
6140.865456	8.354667	5853
6141.872611	8.125345	5854
6142.908814	8.301021	5855
6143.913655	7.963094	5856
6144.950070	8.387153	5857
6145.955216	7.996986	5858
6146.991830	8.295972	5859
6147.996502	8.207271	5860
6149.032800	8.217964	5861
6150.037545	8.205667	5862
6151.074434	7.878156	5863
6152.079867	8.121632	5864
6153.116060	8.080181	5865
6154.122160	7.927611	5866
6155.156937	8.315981	5867
6156.163943	8.178773	5868
