time (s)	energy (uJ)	charge (mC)	voltage (mV)	crossing#mod 255
5425.521741	1.269111	6.133246	0.206923	31
5425.521741	1.269111	6.133246	0.206923	32
5426.540572	1.919934	6.133541	0.313022	33
5427.565836	1.440094	6.118322	0.235374	34
5428.579540	1.814813	6.131491	0.295982	35
5429.609363	1.697603	6.130950	0.276891	36
5430.622606	2.032342	6.115854	0.332307	37
5431.647290	0.905319	6.135874	0.147545	38
5432.670553	2.387643	6.133267	0.389294	39
5433.683519	0.684160	6.109102	0.111990	40
5434.715788	2.300916	6.118177	0.376079	41
5435.724366	1.394334	6.137763	0.227173	42
5436.765052	2.911760	6.126091	0.475305	43
5437.770751	1.446201	6.122240	0.236221	44
5438.791142	2.280740	6.118976	0.372732	45
5439.818534	1.528999	6.113025	0.250121	46
5440.830496	1.855801	6.124810	0.302997	47
5441.861120	1.425624	6.130702	0.232538	48
5442.872640	2.196186	6.126685	0.358462	49
5443.899278	1.251060	6.127821	0.204161	50
5444.919588	2.377178	6.136100	0.387409	51
5445.937639	1.320394	6.119689	0.215762	52
5446.963215	2.354851	6.124675	0.384486	53
5447.977107	1.020986	6.119387	0.166845	54
5449.007284	2.540368	6.086499	0.417378	55
5450.018198	1.116531	6.115519	0.182573	56
5451.050361	2.311023	6.115545	0.377893	57
5452.060941	0.925818	6.112636	0.151460	58
5453.091896	2.358313	6.132926	0.384533	59
5454.101146	1.248233	6.114481	0.204144	60
5455.133093	2.668887	6.115846	0.436389	61
5456.144361	1.088089	6.114935	0.177940	62
5457.173804	2.497361	6.086720	0.410297	63
5458.187640	1.516542	6.109479	0.248228	64
5459.213252	2.410672	6.125021	0.393578	65
5460.231813	1.554359	6.131488	0.253504	66
5461.252033	2.472405	6.123796	0.403737	67
5462.276670	1.410246	6.109870	0.230814	68
5463.290947	2.045087	6.124393	0.333925	69
5464.320799	1.609776	6.134295	0.262422	70
5465.331758	2.244269	6.126182	0.366341	71
5466.361493	1.622637	6.124700	0.264933	72
5467.376663	2.185621	6.127750	0.356676	73
5468.399055	1.966247	6.117088	0.321435	74
5469.422295	2.575214	6.114676	0.421153	75
5470.436552	1.253922	6.114468	0.205075	76
5471.467928	2.455030	6.107498	0.401970	77
5472.477730	1.415981	6.118018	0.231444	78
5473.508405	2.734535	6.110665	0.447502	79
5474.523494	1.318621	6.135365	0.214921	80
5475.546510	2.795186	6.125005	0.456357	81
5476.569536	1.587683	6.121598	0.259358	82
5477.584029	2.194065	6.119128	0.358558	83
5478.614106	1.836066	6.108639	0.300569	84
5479.624412	2.354760	6.109827	0.385405	85
5480.655908	1.836009	6.120411	0.299981	86
5481.668473	2.163196	6.099482	0.354652	87
5482.695290	2.065188	6.113950	0.337783	88
5483.711361	2.503465	6.116881	0.409272	89
5484.735487	1.728386	6.112666	0.282755	90
5485.754385	2.645331	6.113934	0.432672	91
5486.786437	2.519138	6.128590	0.411047	92
5487.797065	2.501501	6.109204	0.409464	93
5488.817491	1.457817	6.103888	0.238834	94
5489.838163	2.672849	6.132784	0.435830	95
5490.858594	1.805304	6.126574	0.294668	96
5491.880473	2.392087	6.116579	0.391082	97
5492.902703	2.020109	6.117401	0.330223	98
5493.920404	2.594667	6.118886	0.424042	99
5494.946012	1.919362	6.116688	0.313791	100
5495.960677	2.346618	6.120772	0.383386	101
5496.989164	2.329514	6.110889	0.381207	102
5498.000341	2.631621	6.125611	0.429610	103
5499.032124	1.922994	6.092592	0.315628	104
5500.043440	2.507571	6.136322	0.408644	105
5501.071260	2.240915	6.122925	0.365988	106
5502.088388	2.985482	6.115650	0.488171	107
5503.110480	1.732919	6.131667	0.282618	108
5504.144773	3.690979	6.131234	0.601996	109
5505.147038	1.783064	6.128971	0.290924	110
5506.178313	2.888469	6.094895	0.473916	111
5507.187217	1.774302	6.127043	0.289585	112
5508.220531	3.029304	6.124008	0.494660	113
5509.232447	1.803161	6.115725	0.294840	114
5510.258115	2.867112	6.093459	0.470523	115
5511.287196	2.540178	6.105657	0.416037	116
5512.294314	2.985062	6.130786	0.486897	117
5513.322337	1.992041	6.118378	0.325583	118
5514.335075	2.857814	6.105347	0.468084	119
5515.376523	2.857215	6.132236	0.465934	120
5516.386726	3.329983	6.102129	0.545708	121
5517.407042	1.995484	6.117542	0.326191	122
5518.430054	3.232524	6.123584	0.527881	123
5519.447640	2.369466	6.119191	0.387219	124
5520.462080	3.031638	6.120627	0.495315	125
5521.488267	2.017136	6.124722	0.329343	126
5522.505495	2.767160	6.121614	0.452031	127
5523.529009	2.267169	6.125786	0.370102	128
5524.548204	3.179174	6.112924	0.520074	129
5525.569947	1.917491	6.132364	0.312684	130
5526.589839	3.055458	6.121145	0.499165	131
5527.612317	2.359748	6.110862	0.386156	132
5528.629880	2.972357	6.114489	0.486117	133
5529.655253	2.277057	6.109654	0.372698	134
5530.672553	3.031835	6.126247	0.494893	135
5531.698572	2.231864	6.126117	0.364320	136
5532.712326	2.780949	6.111869	0.455008	137
5533.741433	2.518373	6.119103	0.411559	138
5534.753353	2.652280	6.105564	0.434404	139
5535.783410	2.181989	6.135489	0.355634	140
5536.794861	2.817078	6.118864	0.460392	141
5537.824580	2.736593	6.125849	0.446729	142
5538.839349	3.213746	6.109212	0.526049	143
5539.863800	2.374856	6.134071	0.387158	144
5540.884006	3.420541	6.125159	0.558441	145
5541.902268	2.300239	6.110926	0.376414	146
5542.929704	3.284289	6.125561	0.536161	147
5543.940705	2.014370	6.123306	0.328968	148
5544.973141	3.780145	6.122842	0.617384	149
5545.981796	2.032505	6.133537	0.331376	150
5547.013869	3.370776	6.116908	0.551059	151
5548.026862	2.006576	6.122999	0.327711	152
5549.053894	3.808639	6.127108	0.621605	153
5550.071871	2.339776	6.113369	0.382731	154
5551.091470	3.308844	6.109478	0.541592	155
5552.116350	2.587638	6.128159	0.422254	156
5553.130605	3.426572	6.113102	0.560529	157
5554.160279	2.380264	6.120099	0.388926	158
5555.171819	3.008987	6.119833	0.491678	159
5556.202540	2.814255	6.123467	0.459585	160
5557.213134	3.316998	6.111416	0.542754	161
5558.244678	2.493209	6.116887	0.407595	162
5559.255519	3.088750	6.123515	0.504408	163
5560.286149	2.660709	6.118353	0.434873	164
5561.308503	3.825337	6.131291	0.623904	165
5562.327785	2.731175	6.125835	0.445845	166
5563.338996	3.088199	6.128395	0.503917	167
5564.370390	2.529213	6.126174	0.412854	168
5565.379907	3.324577	6.124996	0.542788	169
5566.412076	2.844913	6.123985	0.464553	170
5567.423044	3.053860	6.113882	0.499496	171
5568.453062	2.588969	6.111242	0.423640	172
5569.465852	3.441199	6.108678	0.563330	173
5570.493080	2.854133	6.137036	0.465067	174
5571.509439	3.684645	6.129256	0.601157	175
5572.532223	2.648690	6.101965	0.434072	176
5573.554521	3.394295	6.122248	0.554420	177
5574.571015	2.023215	6.110134	0.331124	178
5575.599548	3.769463	6.135492	0.614370	179
5576.609901	2.295360	6.134319	0.374183	180
5577.642366	4.202683	6.132019	0.685367	181
5578.651375	2.176793	6.123080	0.355506	182
5579.684094	3.815847	6.117902	0.623718	183
5580.695374	2.765682	6.128897	0.451253	184
5581.733255	4.863690	6.122427	0.794406	185
5582.739512	2.867476	6.130450	0.467743	186
5583.760751	4.105539	6.117137	0.671154	187
5584.784468	2.798140	6.121569	0.457095	188
5585.801035	3.413651	6.108344	0.558851	189
5586.828530	2.975051	6.124799	0.485739	190
5587.840356	3.827499	6.112118	0.626215	191
5588.870761	3.048396	6.114857	0.498523	192
5589.881286	3.486993	6.119706	0.569797	193
5590.912698	2.949660	6.109527	0.482797	194
5591.924356	3.611877	6.110424	0.591101	195
5592.954856	3.096361	6.126954	0.505367	196
5593.965649	3.275754	6.115917	0.535611	197
5594.995388	2.985577	6.123715	0.487543	198
5596.007312	3.854415	6.130160	0.628763	199
5597.037414	3.256425	6.110813	0.532896	200
5598.048018	3.520528	6.131473	0.574173	201
5599.080056	3.049193	6.112962	0.498808	202
5600.090327	3.873279	6.121379	0.632746	203
5601.121921	3.319399	6.099185	0.544237	204
5602.131839	3.567255	6.118250	0.583052	205
5603.162752	3.063838	6.108189	0.501595	206
5604.173473	4.057494	6.133790	0.661499	207
5605.203936	3.252899	6.124705	0.531111	208
5606.227339	4.954032	6.126345	0.808644	209
5607.254387	3.867326	6.118646	0.632056	210
5608.260560	4.047624	6.132088	0.660073	211
5609.293721	3.868861	6.132290	0.630900	212
5610.305263	4.358898	6.114738	0.712851	213
5611.322464	3.262446	6.114484	0.533560	214
5612.349687	4.583048	6.104434	0.750774	215
5613.361470	2.557668	6.116869	0.418134	216
5614.393143	4.459782	6.124222	0.728220	217
5615.400996	2.843723	6.114483	0.465080	218
5616.435329	4.843862	6.124004	0.790963	219
5617.444361	2.571383	6.113182	0.420629	220
5618.475246	4.370783	6.133704	0.712585	221
5619.487974	3.021745	6.108292	0.494696	222
5620.514553	4.509038	6.107675	0.738258	223
5621.532451	3.269273	6.122159	0.534007	224
5622.553803	4.235207	6.114713	0.692626	225
5623.577069	2.899890	6.124968	0.473454	226
5624.593183	3.786492	6.091932	0.621559	227
5625.620722	3.202829	6.091479	0.525788	228
5626.633390	4.220912	6.112440	0.690545	229
5627.662737	3.552783	6.113042	0.581181	230
5628.674445	3.837593	6.118608	0.627200	231
5629.705638	3.294149	6.129889	0.537391	232
5630.715572	4.209918	6.112353	0.688756	233
5631.745766	3.692034	6.111207	0.604141	234
5632.758145	3.770785	6.121303	0.616010	235
5633.787805	3.427614	6.131281	0.559037	236
5634.799942	4.432106	6.129253	0.723107	237
5635.828521	3.706089	6.106338	0.606925	238
5636.842366	4.141356	6.114580	0.677292	239
5637.869059	3.532258	6.101182	0.578947	240
5638.885591	4.457528	6.132909	0.726821	241
5639.910452	3.167122	6.124324	0.517138	242
5640.930523	4.580718	6.127743	0.747537	243
5641.949534	3.400345	6.114929	0.556073	244
5642.974245	4.553395	6.113053	0.744864	245
5643.987589	3.166119	6.116829	0.517608	246
5645.018762	4.944998	6.114989	0.808668	247
5646.027828	3.120285	6.122096	0.509676	248
5647.060788	5.051740	6.113139	0.826374	249
5648.068403	3.281546	6.113258	0.536792	250
5649.103143	4.876174	6.128316	0.795679	251
5650.112921	3.342214	6.129791	0.545241	252
5651.141216	4.776816	6.116393	0.780986	253
5652.157085	3.387363	6.124714	0.553065	254
5653.180855	4.937422	6.118152	0.807012	255
5654.201352	3.897257	6.108792	0.637975	0
5655.220194	4.844671	6.126365	0.790791	1
5656.244766	3.580579	6.113247	0.585708	2
5657.260236	4.426178	6.120459	0.723177	3
5658.287715	3.671581	6.123559	0.599583	4
5659.300975	4.880363	6.111428	0.798563	5
5660.330746	3.975326	6.142216	0.647214	6
5661.342572	4.180116	6.115807	0.683494	7
5662.373106	3.539730	6.088306	0.581398	8
5663.395166	5.400545	6.118200	0.882702	9
5664.413731	4.071068	6.113065	0.665962	10
5665.425400	4.528073	6.097845	0.742569	11
5666.455339	4.001050	6.117257	0.654060	12
5667.467274	4.774252	6.121078	0.779969	13
5668.497962	3.986124	6.129012	0.650370	14
5669.509350	4.581051	6.111077	0.749631	15
5670.538368	4.101598	6.126092	0.669529	16
5671.552305	4.919374	6.114145	0.804589	17
5672.579777	3.638583	6.120896	0.594453	18
5673.594378	4.634095	6.125442	0.756532	19
5674.619635	4.001607	6.109191	0.655014	20
5675.638010	5.286036	6.092715	0.867599	21
5676.658728	3.754412	6.121139	0.613352	22
5677.682586	5.335023	6.136579	0.869381	23
5678.697918	3.423316	6.117459	0.559598	24
5679.727000	5.180718	6.112875	0.847509	25
5680.737371	3.796575	6.089855	0.623426	26
5681.770296	5.512143	6.129298	0.899311	27
5682.778424	3.399678	6.124528	0.555092	28
5683.812729	5.153725	6.128896	0.840890	29
5684.821065	3.722215	6.114636	0.608739	30
5685.852298	5.585462	6.126216	0.911731	31
5686.864117	3.467623	6.122389	0.566384	32
5687.892257	5.590586	6.132555	0.911624	33
5688.907764	4.173473	6.125371	0.681342	34
5689.931027	5.026370	6.117110	0.821690	35
5690.951749	3.795375	6.127035	0.619447	36
5691.971468	5.234770	6.128959	0.854104	37
5693.005713	4.871861	6.118177	0.796293	38
5694.011418	4.973516	6.127788	0.811633	39
5695.038772	4.155143	6.126916	0.678179	40
5696.051843	5.023908	6.112264	0.821939	41
5697.080734	4.147502	6.130302	0.676558	42
5698.094011	5.226924	6.105839	0.856053	43
5699.122360	4.281915	6.116910	0.700013	44
5700.135992	4.866871	6.111147	0.796393	45
5701.163776	4.137477	6.121998	0.675838	46
5702.178006	5.453737	6.122543	0.890764	47
5703.203806	4.263913	6.131962	0.695359	48
5704.220736	5.059664	6.103628	0.828960	49
5705.244521	4.326552	6.105315	0.708653	50
5706.263454	5.341218	6.124574	0.872096	51
5707.284092	3.990140	6.127916	0.651142	52
5708.307618	5.718038	6.116823	0.934805	53
5709.323952	4.085836	6.126820	0.666877	54
5710.351791	5.380281	6.117853	0.879439	55
5711.363161	3.978681	6.134748	0.648549	56
5712.395476	5.964201	6.100191	0.977707	57
5713.404039	3.790616	6.111176	0.620276	58
5714.437432	5.621799	6.117393	0.918986	59
5715.445344	4.195889	6.115923	0.686060	60
5716.478121	6.248448	6.108935	1.022838	61
5717.488213	3.722322	6.120063	0.608216	62
5718.518948	5.717996	6.124260	0.933663	63
5719.532453	4.022253	6.118228	0.657421	64
5720.558961	5.878857	6.119653	0.960652	65
5721.576230	4.359766	6.122769	0.712058	66
5722.598433	5.571340	6.118566	0.910563	67
5723.619787	4.146981	6.123944	0.677175	68
5724.639573	5.456687	6.119471	0.891693	69
5725.662417	4.743508	6.123123	0.774688	70
5726.679262	5.995353	6.128316	0.978304	71
5727.705927	4.062578	6.111572	0.664735	72
5728.720536	5.270389	6.124159	0.860590	73
5729.747202	4.896416	6.135879	0.797997	74
5730.762153	5.719886	6.121837	0.934342	75
5731.798850	5.457735	6.119298	0.891889	76
5732.804148	5.429334	6.121443	0.886937	77
5733.830254	4.912242	6.126701	0.801776	78
5734.846833	6.021379	6.138174	0.980972	79
5735.870875	4.511979	6.124414	0.736720	80
5736.889467	5.356322	6.106639	0.877131	81
5737.911496	4.728647	6.134664	0.770808	82
5738.932156	5.814796	6.107024	0.952149	83
5739.952159	4.551924	6.115604	0.744313	84
5740.975798	6.070813	6.115968	0.992617	85
5741.992263	4.571716	6.110970	0.748116	86
5743.019823	5.828855	6.132634	0.950465	87
5744.031974	4.526536	6.135809	0.737725	88
5745.073588	7.274981	6.131306	1.186530	89
5746.072799	4.002955	6.147824	0.651117	90
