crossing time (s)	slope (V/s)	crossing number
3578.079236	16.809721	3343
3579.097023	16.606410	3344
3580.122503	17.319450	3345
3581.133395	17.135143	3346
3582.163681	16.769877	3347
3583.175212	16.145871	3348
3584.209313	16.808893	3349
3585.220107	16.738115	3350
3586.248712	17.154352	3351
3587.260162	16.735002	3352
3588.289321	16.463733	3353
3589.301437	16.553493	3354
3590.332541	17.593449	3355
3591.350259	16.995984	3356
3592.372513	17.021706	3357
3593.389500	16.326515	3358
3594.411238	16.660110	3359
3595.431421	17.150297	3360
3596.453702	17.427867	3361
3597.476666	16.910758	3362
3598.498291	16.592675	3363
3599.519756	17.091762	3364
3600.538906	17.977555	3365
3601.560243	17.617875	3366
3602.579887	17.298552	3367
3603.602054	17.057361	3368
3604.624437	17.507032	3369
3605.643652	17.115405	3370
3606.665930	17.139115	3371
3607.685094	16.797640	3372
3608.711266	17.470082	3373
3609.726117	17.309759	3374
3610.752628	17.399410	3375
3611.766867	16.944920	3376
3612.797971	17.678280	3377
3613.808074	17.424529	3378
3614.838067	17.572041	3379
3615.850159	16.946134	3380
3616.880854	17.334009	3381
3617.891710	17.093996	3382
3618.922227	16.970701	3383
3619.935614	16.352790	3384
3620.966328	17.526143	3385
3621.980955	17.438279	3386
3623.006254	17.902778	3387
3624.023280	17.392270	3388
3625.048166	17.814604	3389
3626.066446	17.519547	3390
3627.088850	17.883839	3391
3628.108236	17.398341	3392
3629.132017	17.859278	3393
3630.152106	17.868346	3394
3631.172018	17.960636	3395
3632.192624	17.394916	3396
3633.216160	17.715048	3397
3634.236683	17.362364	3398
3635.259204	18.193007	3399
3636.278594	17.588688	3400
3637.301764	17.903236	3401
3638.320735	17.449174	3402
3639.344478	18.153589	3403
3640.361262	17.983630	3404
3641.387161	17.870069	3405
3642.402023	17.116535	3406
3643.431843	17.846054	3407
3644.444315	17.808067	3408
3645.472747	18.125882	3409
3646.484179	17.686194	3410
3647.515268	17.772165	3411
3648.527183	17.593534	3412
3649.558925	18.067142	3413
3650.569138	17.608043	3414
3651.600286	18.020617	3415
3652.614298	17.651527	3416
3653.641774	18.243728	3417
3654.656842	18.050997	3418
3655.683103	18.284611	3419
3656.699632	17.881989	3420
3657.723858	18.035815	3421
3658.743103	17.832328	3422
3659.767266	18.122721	3423
3660.786747	17.865483	3424
3661.808547	18.259362	3425
3662.828273	18.070191	3426
3663.850051	18.323009	3427
3664.870183	17.997243	3428
3665.892222	18.090981	3429
3666.911644	17.802690	3430
3667.936525	18.143007	3431
3668.954563	18.117783	3432
3669.978167	18.403600	3433
3670.995041	18.250249	3434
3672.021478	18.556989	3435
3673.035456	18.389973	3436
3674.063327	18.374176	3437
3675.076010	18.027823	3438
3676.107918	18.153736	3439
3677.118517	17.946562	3440
3678.150527	18.197164	3441
3679.161083	17.540667	3442
3680.192853	18.218025	3443
3681.205207	17.970065	3444
3682.233709	18.459625	3445
3683.246209	18.052086	3446
3684.275888	18.361211	3447
3685.290535	18.144763	3448
3686.317238	18.326838	3449
3687.334615	18.016240	3450
3688.360038	18.627851	3451
3689.378193	18.328879	3452
3690.400457	18.591379	3453
3691.418698	18.222682	3454
3692.442070	18.398033	3455
3693.461639	18.090319	3456
3694.485102	18.583142	3457
3695.504359	18.345178	3458
3696.528442	18.540565	3459
3697.546254	18.391005	3460
3698.568870	18.679395	3461
3699.586793	18.484963	3462
3700.612320	18.424977	3463
3701.629498	18.280942	3464
3702.656092	18.655290	3465
3703.670830	18.258089	3466
3704.698292	18.786450	3467
3705.711100	18.532002	3468
3706.740364	18.522339	3469
3707.754070	18.212143	3470
3708.784928	18.859873	3471
3709.795542	18.456676	3472
3710.825431	18.733042	3473
3711.838353	18.538653	3474
3712.868748	18.770053	3475
3713.880040	18.442229	3476
3714.909743	19.145677	3477
3715.925011	18.644292	3478
3716.951742	19.193839	3479
3717.967569	18.876946	3480
3718.992809	19.092032	3481
3720.008737	18.328962	3482
3721.033359	18.831721	3483
3722.053734	19.173862	3484
3723.077451	19.524227	3485
3724.097222	18.916840	3486
3725.118689	19.214608	3487
3726.137587	18.907402	3488
3727.162096	18.954282	3489
3728.179750	18.852561	3490
3729.203272	19.197602	3491
3730.222334	19.246239	3492
3731.246882	19.017525	3493
3732.263706	18.526804	3494
3733.288555	19.282558	3495
3734.303007	18.910189	3496
3735.332461	19.571321	3497
3736.346359	18.655787	3498
3737.373026	18.737352	3499
3738.385839	18.601403	3500
3739.418008	18.827444	3501
3740.429998	18.534845	3502
3741.459980	18.922955	3503
3742.470951	18.775518	3504
3743.501739	18.829861	3505
3744.515920	18.471686	3506
3745.544891	19.132280	3507
3746.558740	18.934617	3508
3747.584634	19.062323	3509
3748.600789	18.673788	3510
3749.627717	18.999004	3511
3750.644687	18.832213	3512
3751.669313	19.090792	3513
3752.687698	18.898708	3514
3753.711733	19.351172	3515
3754.729397	19.089343	3516
3755.753023	19.140597	3517
3756.770567	18.928313	3518
3757.796420	19.012461	3519
3758.813956	18.842021	3520
3759.838605	19.140797	3521
3760.855865	18.876090	3522
3761.882096	19.395871	3523
3762.896846	18.968409	3524
3763.923010	19.251708	3525
3764.938818	19.033999	3526
3765.966430	19.155704	3527
3766.978747	19.038322	3528
3768.009326	19.174822	3529
3769.021898	18.850824	3530
3770.052568	19.389706	3531
3771.065427	18.953331	3532
3772.094934	19.317293	3533
3773.107211	19.012726	3534
3774.138456	19.384065	3535
3775.148079	19.158247	3536
3776.177463	19.632709	3537
3777.192996	19.483460	3538
3778.220886	19.870521	3539
3779.236304	19.471641	3540
3780.263018	19.422440	3541
3781.277083	18.762743	3542
3782.305888	19.062174	3543
3783.321507	18.949258	3544
3784.347208	19.589501	3545
3785.364545	19.096605	3546
3786.389849	19.488466	3547
3787.405985	19.280594	3548
3788.431851	19.440786	3549
3789.448234	19.167059	3550
3790.474206	19.597181	3551
3791.489853	19.443159	3552
3792.515081	19.546835	3553
3793.530648	19.379444	3554
3794.560252	19.519840	3555
3795.574133	19.314187	3556
3796.602210	19.732123	3557
3797.615047	19.396464	3558
3798.644630	19.490543	3559
3799.656525	19.023780	3560
3800.687559	19.274360	3561
3801.698177	19.003208	3562
3802.729219	19.363993	3563
3803.741532	19.287226	3564
3804.771817	19.314279	3565
3805.783403	19.071782	3566
3806.813671	19.316277	3567
3807.826843	19.006309	3568
3808.857098	19.365425	3569
3809.870007	19.108239	3570
3810.897578	19.648964	3571
3811.914135	19.269077	3572
3812.939774	19.836082	3573
3813.955809	19.407992	3574
3814.980731	19.361692	3575
3815.997791	19.255474	3576
3817.024657	19.509577	3577
3818.041203	19.403232	3578
3819.065793	19.741260	3579
3820.082439	19.495278	3580
3821.109579	19.575669	3581
3822.123865	19.465526	3582
3823.151438	19.534834	3583
3824.166124	19.205800	3584
3825.195246	19.682835	3585
3826.208114	19.266968	3586
3827.237846	19.619691	3587
3828.248960	19.327650	3588
3829.278918	19.710529	3589
3830.291722	19.302781	3590
3831.322837	19.664032	3591
3832.332977	19.303504	3592
3833.363278	19.641174	3593
3834.374818	19.637208	3594
3835.406752	19.589662	3595
3836.419899	19.232233	3596
3837.449155	19.767618	3597
3838.462822	19.482979	3598
3839.490225	20.104045	3599
3840.504411	19.524353	3600
3841.533185	19.711669	3601
3842.545713	19.511686	3602
3843.575032	19.825124	3603
3844.588969	19.470298	3604
3845.616447	20.068794	3605
3846.630935	19.838845	3606
3847.656037	20.136539	3607
3848.673055	19.693091	3608
3849.700981	19.609986	3609
3850.713807	19.420805	3610
3851.743183	19.547648	3611
3852.757679	19.780613	3612
3853.786955	19.827508	3613
3854.799885	19.242660	3614
3855.829067	19.608051	3615
3856.842105	19.977705	3616
3857.872926	20.053707	3617
3858.881493	19.799544	3618
3859.913867	19.744416	3619
3860.925488	19.597459	3620
3861.957584	19.745562	3621
3862.967471	19.002092	3622
3863.999218	19.429305	3623
3865.010141	19.735443	3624
3866.039629	19.672168	3625
3867.051321	19.555931	3626
3868.083078	19.536990	3627
3869.095373	19.434249	3628
3870.126068	19.576814	3629
3871.138844	19.558220	3630
3872.167266	20.091299	3631
3873.181647	19.649817	3632
3874.209715	19.720246	3633
3875.223252	19.435410	3634
3876.250931	19.828189	3635
3877.266992	19.603211	3636
3878.293312	20.033365	3637
3879.309156	19.589387	3638
3880.335392	19.877211	3639
3881.350730	19.520020	3640
3882.378658	19.849512	3641
3883.393874	19.617181	3642
3884.421047	19.868255	3643
3885.433972	19.709204	3644
3886.463856	19.522243	3645
3887.477365	19.641252	3646
3888.507628	20.018860	3647
3889.519844	19.667694	3648
3890.547935	20.010312	3649
3891.559879	19.748896	3650
3892.591039	20.030477	3651
3893.603663	19.918047	3652
3894.633116	20.532097	3653
3895.647241	19.784510	3654
3896.675793	20.243694	3655
3897.687401	19.720007	3656
3898.717528	19.960442	3657
